 config 100
 1
 011
 110
 050
 115
 011
 005
 001
 015
 050
 010
 050
 550
 011
 101
 111
 010
 510
 555
 010
 011
 510
 550

 config 110
 1
 011
 110
 050
 115
 015
 005
 001
 015
 050
 020
 050
 550
 011
 101
 111
 010
 510
 555
 011
 011
 550
 550

 config 120
 1
 011
 110
 050
 115
 015
 005
 001
 015
 050
 020
 050
 550
 015
 301
 111
 010
 550
 555
 011
 011
 550
 550

 config 130
 1
 051
 110
 050
 515
 005
 005
 001
 015
 050
 020
 051
 550
 015
 501
 111
 010
 550
 555
 011
 011
 550
 550

 config 140
 
 1
 051
 110
 050
 555
 005
 005
 001
 015
 050
 020
 055
 550
 015
 501
 111
 010
 550
 555
 031
 011
 550
 550

 config 150
 1
 051
 150
 050
 555
 005
 115
 011
 015
 050
 050
 055
 550
 015
 501
 111
 010
 550
 555
 031
 011
 550
 550

 config 160
 
 1
 050
 150
 050
 555
 005
 515
 001
 015
 050
 050
 055
 550
 055
 505
 111
 010
 550
 555
 031
 011
 550
 550

 config 170
 1
 050
 151
 050
 555
 005
 515
 051
 015
 050
 050
 055
 550
 055
 050
 111
 010
 550
 555
 051
 013
 550
 550

 config 180
 1
 050
 551
 050
 555
 005
 515
 051
 015
 050
 050
 055
 550
 055
 050
 111
 010
 550
 555
 055
 015
 550
 550

 config 190
 1
 050
 555
 050
 555
 005
 515
 053
 015
 050
 050
 055
 550
 055
 505
 115
 010
 550
 555
 055
 015
 550
 550

 config 200
 3
 050
 555
 051
 555
 005
 515
 053
 015
 050
 051
 155
 550
 055
 505
 115
 011
 550
 555
 355
 015
 551
 550


 Full HP Configs 200
 3
 050
 055
 353
 555
 015
 510
 550
 135
 003
 053
 355
 500
 515
 150
 531
 013
 055
 550
 355
 530
 555
 505
 
 unknown ??
 3
 010
 015
 150
 515
 010
 110
 510
 015
 001
 003
 151
 500
 133
 350
 535
 011
 055
 550
 515
 510
 513
 505

 // unknown ??
 5
 350
 015
 152
 555
 555
 550
 555
 015
 005
 051
 150
 500
 520
 550
 555
 010
 015
 550
 055
 513
 552
 505

// Config 120
 1
 010
 010
 050
 515
 010
 010
 510
 015
 010
 020
 151
 500
 515
 150
 515
 001
 055
 050
 015
 511
 501
 505


// Config 80
1
010
010
050
010
010
010
510
011
001
011
150
500
510
010
510
010
015
510
115
500
111
303
